3  0.303906  0.941406  0.242188  0.114062
3  0.423438  0.407031  0.153125  0.117188
3  0.539844  0.300781  0.217188  0.185938
3  0.392188  0.174219  0.228125  0.154688
2  0.567187  0.819531  0.215625  0.214062
2  0.4625  0.480469  0.153125  0.126562
2  0.245312  0.553125  0.29375  0.325
2  0.895312  0.470313  0.20625  0.165625
2  0.635156  0.3875  0.164062  0.1625
2  0.84375  0.360938  0.171875  0.11875
2  0.326562  0.300781  0.165625  0.154688
2  0.153125  0.203906  0.240625  0.210938
2  0.442188  0.045312  0.09375  0.090625
2  0.320312  0.045312  0.203125  0.090625
4  0.683594  0.863281  0.192188  0.179688
4  0.047656  0.540625  0.095312  0.29375
4  0.524219  0.071094  0.120313  0.142187
