3  0.316406  0.642188  0.257812  0.25
3  0.424219  0.098437  0.148438  0.1
3  0.535156  0.042969  0.204687  0.085938
2  0.517969  0.946875  0.170313  0.103125
2  0.561719  0.48125  0.201563  0.209375
2  0.478125  0.160156  0.121875  0.104688
2  0.242188  0.247656  0.290625  0.323437
2  0.894531  0.160938  0.207813  0.1875
2  0.63125  0.085938  0.171875  0.1625
2  0.846094  0.052344  0.179688  0.104688
2  0.321875  0.029687  0.1625  0.059375
4  0.424219  0.692969  0.132812  0.182812
4  0.691406  0.482031  0.176563  0.229687
4  0.047656  0.224219  0.095312  0.285938
5  0.267188  0.886719  0.40625  0.223438
