3  0.316406  0.64375  0.257812  0.253125
3  0.424219  0.098437  0.148438  0.1
3  0.535156  0.042969  0.204687  0.085938
2  0.511719  0.946875  0.182812  0.103125
2  0.575781  0.465625  0.173437  0.178125
2  0.478125  0.15625  0.121875  0.096875
2  0.249219  0.228125  0.304688  0.284375
2  0.889844  0.146094  0.195312  0.148438
2  0.636719  0.075  0.167187  0.140625
2  0.846094  0.052344  0.179688  0.104688
2  0.317188  0.032813  0.171875  0.065625
4  0.435937  0.691406  0.1375  0.173437
4  0.696094  0.504687  0.148438  0.146875
4  0.051562  0.230469  0.103125  0.285938
5  0.227344  0.898438  0.429688  0.2
