3  0.314063  0.928125  0.271875  0.140625
3  0.422656  0.401562  0.154688  0.10625
3  0.539844  0.300781  0.217188  0.185938
3  0.389844  0.172656  0.226562  0.157812
2  0.567187  0.819531  0.215625  0.214062
2  0.4625  0.479687  0.153125  0.125
2  0.245312  0.553125  0.29375  0.325
2  0.895312  0.471875  0.20625  0.19375
2  0.635156  0.3875  0.164062  0.1625
2  0.84375  0.360938  0.171875  0.11875
2  0.321094  0.292969  0.154688  0.139063
2  0.165625  0.203906  0.215625  0.210938
2  0.320312  0.045312  0.203125  0.090625
4  0.694531  0.820312  0.204687  0.246875
4  0.048438  0.532031  0.096875  0.289062
4  0.046094  0.2875  0.092188  0.11875
4  0.514062  0.071094  0.103125  0.142187
