3  0.309375  0.928125  0.259375  0.140625
3  0.423438  0.401562  0.153125  0.10625
3  0.517969  0.316406  0.170313  0.154688
3  0.390625  0.167187  0.225  0.146875
2  0.567187  0.819531  0.215625  0.214062
2  0.474219  0.471094  0.129688  0.107813
2  0.890625  0.482812  0.215625  0.171875
2  0.245312  0.564063  0.29375  0.346875
2  0.626563  0.396875  0.146875  0.14375
2  0.836719  0.363281  0.157812  0.123438
2  0.321094  0.292969  0.154688  0.139063
2  0.165625  0.203906  0.215625  0.210938
2  0.313281  0.045312  0.189062  0.090625
2  0.05625  0.042188  0.1125  0.084375
