1  0.324219  0.958594  0.232813  0.079687
1  0.510938  0.95  0.14375  0.096875
1  0.079687  0.546875  0.159375  0.23125
1  0.053125  0.228906  0.10625  0.301563
1  0.223438  0.029687  0.409375  0.059375
0  0.138281  0.955469  0.123438  0.085938
0  0.474219  0.786719  0.217188  0.295312
0  0.085156  0.40625  0.154688  0.13125
0  0.460938  0.390625  0.2125  0.2
0  0.282813  0.441406  0.3125  0.326562
0  0.367188  0.266406  0.096875  0.089063
0  0.192188  0.238281  0.196875  0.167187
0  0.501563  0.2  0.15625  0.25
0  0.347656  0.142969  0.104688  0.151562
0  0.211719  0.097656  0.179688  0.123438
