1  0.234375  0.902344  0.434375  0.192188
1  0.2875  0.697656  0.21875  0.220312
1  0.528906  0.689063  0.273438  0.2375
1  0.671094  0.644531  0.160938  0.157812
1  0.126562  0.583594  0.234375  0.254688
1  0.324219  0.472656  0.157812  0.204687
1  0.488281  0.4625  0.201563  0.246875
1  0.063281  0.36875  0.126562  0.2125
1  0.200781  0.354687  0.170313  0.24375
1  0.59375  0.280469  0.2125  0.207813
1  0.385937  0.26875  0.196875  0.2125
1  0.05  0.171094  0.1  0.204687
1  0.169531  0.146875  0.198437  0.190625
1  0.485938  0.092969  0.325  0.185938
1  0.128125  0.028906  0.228125  0.057813
0  0.695312  0.479687  0.171875  0.165625
