1  0.225781  0.902344  0.451562  0.192188
1  0.2875  0.688281  0.21875  0.201563
1  0.534375  0.685937  0.2625  0.23125
1  0.671094  0.644531  0.160938  0.157812
1  0.126562  0.583594  0.234375  0.254688
1  0.324219  0.472656  0.157812  0.204687
1  0.488281  0.4625  0.201563  0.246875
1  0.063281  0.36875  0.126562  0.2125
1  0.200781  0.354687  0.170313  0.24375
1  0.596875  0.278906  0.21875  0.204687
1  0.385937  0.26875  0.196875  0.2125
1  0.05  0.171094  0.1  0.204687
1  0.169531  0.141406  0.198437  0.179688
1  0.503125  0.0875  0.359375  0.175
1  0.128125  0.028906  0.228125  0.057813
0  0.680469  0.480469  0.201563  0.167187
