2  0.071875  0.099219  0.14375  0.198437
1  0.83125  0.905469  0.334375  0.185938
1  0.542969  0.874219  0.289062  0.248438
1  0.107031  0.847656  0.214062  0.267188
1  0.435937  0.725781  0.284375  0.204687
1  0.942969  0.660937  0.110937  0.259375
1  0.710938  0.625  0.2625  0.240625
1  0.054688  0.611719  0.109375  0.217188
1  0.915625  0.476562  0.165625  0.1875
1  0.301563  0.534375  0.409375  0.30625
1  0.623437  0.4625  0.215625  0.196875
1  0.816406  0.366406  0.254688  0.189062
1  0.090625  0.364844  0.18125  0.317188
1  0.478125  0.284375  0.29375  0.246875
1  0.740625  0.195312  0.29375  0.328125
1  0.35625  0.107813  0.240625  0.196875
1  0.808594  0.036719  0.164062  0.073438
1  0.608594  0.064844  0.185938  0.129688
